1510
1515
1523
1529
1530
1531
1532
1543
1544
1548
1549
1551
1554
1556
1558
1559
1563
1565
1567
1570
1576
1578
1581
1583
1586
1599
1600
1601
1607
1609
1611
1613
1615
1623
1624
1626
1628
1629
1635
1640
1641
1647
1655
1658
1663
1668
1670
1674
1675
1679
1684
1688
1692
1695
1696
1698
1699
1703
1708
1709
1710
1718
1720
1721
1731
1733
1736
1737
1739
1740
1743
1744
1747
1754
1759
1761
1765
1766
1770
1771
1774
1775
1777
1782
1785
1786
1787
1789
1791
1792
1796
1797
1798
1803
1806
1808
1809
1810
1812
1816
1822
1823
1824
1827
1831
1832
1839
1842
1844
1846
1850
1851
1852
1853
1854
1855
1858
1861
1863
1865
1867
1870
1871
1874
1877
1880
1881
1882
1894
1898
1905
1911
1913
1915
1916
1920
1922
1923
1925
1926
1927
1928
1929
1930
1932
1933
1935
1939
1951
1953
1961
1962
1964
1971
1978
1979
1981
1982
1985
1986
1990
1993
1994
1997
2000
2006
2013
2022
2026
2027
2028
2029
2032
2034
2035
2038
2043
2048
2051
2052
2054
2060
2061
2070
2071
2075
2078
2082
2083
2085
2088
2089
2090
2091
2096
2097
2098
2101
2105
2107
2110
2113
2114
2117
2118
2119
2120
2121
2126
2128
2129
2131
2136
2149
2150
2151
2154
2164
2165
2168
2169
2172
2174
2177
2178
2179
2180
2182
2191
2193
2194
2200
2201
2204
2206
2207
2210
2212
2215
2218
2221
2224
2227
2230
2236
2241
2243
2245
2252
2254
2255
2257
2262
2264
2265
2280
2282
2292
2298
2299
2306
2307
2309
2311
2313
2316
2317
2318
2324
2338
2341
2343
2344
2352
2358
2361
2364
2367
2373
2374
2381
2387
2388
2389
2392
2399
2401
2404
2408
2409
2416
2417
2421
2423
2424
2426
2430
2432
2436
2437
2439
2441
2444
2449
2450
2462
2464
2465
2466
2467
2468
2470
2474
2476
2478
2482
2483
2485
2486
2487
2490
2497
2498
2499
2500
2501
2504
2505
2510
2513
2526
2527
2529
2534
2540
2541
2542
2543
2546
2548
2550
2552
2554
2557
2561
2563
2565
2566
2567
2568
2573
2574
2578
2580
2583
2584
2585
2588
2594
2596
2597
2599
2601
2605
2606
2611
2612
2614
2616
2625
2628
2633
2634
2640
2641
2644
2646
2650
2651
2656
2661
2663
2665
2668
2669
2670
2672
2673
2676
2677
2678
2682
2685
2687
2688
2690
2691
2696
2697
2698
2699
2703
2705
2706
2709
2710
2719
2720
2725
2729
2731
2732
2733
2734
2735
2736
2740
2742
2743
2746
2747
2749
2753
2759
2761
2765
2768
2772
2773
2776
2781
2783
2784
2788
2792
2793
2795
2796
2798
2800
2804
2805
2812
2819
2824
2825
2826
2829
2834
2836
2838
2841
2845
2846
2848
2855
2857
2858
2868
2871
2874
2875
2882
2885
2891
2892
2895
2897
2901
2902
2904
2919
2920
2921
2924
2925
2930
2932
2936
2938
2940
2945
2947
2948
2951
2952
2956
2962
2966
2970
2973
2980
2983
2987
2989
2990
2991
2993
2995
2998
